fi.vtt.noen.mfw.bundle.server.plugins.rest.RestPlugin	[fi.vtt.noen.mfw.bundle.server.plugins.rest.RestPlugin::fi.vtt.noen.mfw.bundle.server.plugins.xmlrpc.ServerPlugin server, fi.vtt.noen.mfw.bundle.server.plugins.rest.RestPlugin::fi.vtt.noen.mfw.bundle.server.plugins.registry.RegistryPlugin registry, fi.vtt.noen.mfw.bundle.server.plugins.rest.RestPlugin::long restId, fi.vtt.noen.mfw.bundle.server.plugins.rest.RestPlugin::fi.vtt.noen.mfw.bundle.server.plugins.rest.ClientSubscriptionRegistry subs, fi.vtt.noen.mfw.bundle.server.plugins.rest.RestPlugin::java.util.Map<java.lang.String,fi.vtt.noen.mfw.bundle.server.plugins.rest.resources.ClientRequest> clients, fi.vtt.noen.mfw.bundle.server.plugins.rest.RestPlugin::registerClient(java.lang.String, fi.vtt.noen.mfw.bundle.server.plugins.rest.resources.ClientRequest):fi.vtt.noen.mfw.bundle.server.plugins.rest.resources.Session, fi.vtt.noen.mfw.bundle.server.plugins.rest.RestPlugin::isAlive(java.lang.String):boolean, fi.vtt.noen.mfw.bundle.server.plugins.rest.RestPlugin::isAuthorized(java.lang.String):boolean, fi.vtt.noen.mfw.bundle.server.plugins.rest.RestPlugin::extractAuthentication(java.lang.String):java.lang.String, fi.vtt.noen.mfw.bundle.server.plugins.rest.RestPlugin::setProbeConfiguration(long, java.util.Map<java.lang.String,java.lang.String>):boolean, fi.vtt.noen.mfw.bundle.server.plugins.rest.RestPlugin::requestBM(long):boolean, fi.vtt.noen.mfw.bundle.server.plugins.rest.RestPlugin::requestBaseMeasure(java.lang.String, long):void, fi.vtt.noen.mfw.bundle.server.plugins.rest.RestPlugin::subscribeToBM(long, long):void, fi.vtt.noen.mfw.bundle.server.plugins.rest.RestPlugin::subscribeBaseMeasure(java.lang.String, long, long):void, fi.vtt.noen.mfw.bundle.server.plugins.rest.RestPlugin::unSubscribeToBM(long):void, fi.vtt.noen.mfw.bundle.server.plugins.rest.RestPlugin::unsubscribeBaseMeasure(java.lang.String, long):void, fi.vtt.noen.mfw.bundle.server.plugins.rest.RestPlugin::bmValue(fi.vtt.noen.mfw.bundle.server.shared.datamodel.Value):void]
fi.vtt.noen.testgen.observations.data.ProgramRunSuite	[fi.vtt.noen.testgen.observations.data.ProgramRunSuite::java.util.List<fi.vtt.noen.testgen.observations.formatter.BasicFormatter> formatters, fi.vtt.noen.testgen.observations.data.ProgramRunSuite::output(fi.vtt.noen.testgen.observations.data.ProgramRun):void, fi.vtt.noen.testgen.observations.data.ProgramRunSuite::fillHeader():void, fi.vtt.noen.testgen.observations.data.ProgramRunSuite::writeFooter():void, fi.vtt.noen.testgen.observations.data.ProgramRunSuite::fi.vtt.noen.testgen.observations.data.ProgramRun previousTest, fi.vtt.noen.testgen.observations.data.ProgramRunSuite::addTest(fi.vtt.noen.testgen.observations.data.ProgramRun):void, fi.vtt.noen.testgen.observations.data.ProgramRunSuite::boolean writeImmediately, fi.vtt.noen.testgen.observations.data.ProgramRunSuite::writePreviousProgramRunToFile():void]
fi.vtt.noen.testgen.observations.data.ProgramRunSuite	[fi.vtt.noen.testgen.observations.data.ProgramRunSuite::fi.vtt.noen.testgen.observations.data.ProgramRun previousTest, fi.vtt.noen.testgen.observations.data.ProgramRunSuite::addTest(fi.vtt.noen.testgen.observations.data.ProgramRun):void, fi.vtt.noen.testgen.observations.data.ProgramRunSuite::boolean writeImmediately, fi.vtt.noen.testgen.observations.data.ProgramRunSuite::writePreviousProgramRunToFile():void]
fi.vtt.noen.mfw.bundle.server.plugins.webui.WebUIPluginActivator	[fi.vtt.noen.mfw.bundle.server.plugins.webui.WebUIPluginActivator::java.lang.String webUIWSURL, fi.vtt.noen.mfw.bundle.server.plugins.webui.WebUIPluginActivator::configure(java.util.Properties):void, fi.vtt.noen.mfw.bundle.server.plugins.webui.WebUIPluginActivator::long webUiId, fi.vtt.noen.mfw.bundle.server.plugins.webui.WebUIPluginActivator::java.lang.String mfwWsUrl]
fi.vtt.noen.mfw.bundle.probe.plugins.xmlrpc.KeepAliveThread	[fi.vtt.noen.mfw.bundle.probe.plugins.xmlrpc.KeepAliveThread::boolean shouldRun, fi.vtt.noen.mfw.bundle.probe.plugins.xmlrpc.KeepAliveThread::java.lang.Object lock, fi.vtt.noen.mfw.bundle.probe.plugins.xmlrpc.KeepAliveThread::stop():void]
fi.vtt.noen.mfw.bundle.server.plugins.xmlrpc.ServerPluginImpl	[fi.vtt.noen.mfw.bundle.server.plugins.xmlrpc.ServerPluginImpl::java.util.Map<java.lang.String,fi.vtt.noen.mfw.bundle.probe.shared.ProbeAgent> probeEndpoints, fi.vtt.noen.mfw.bundle.server.plugins.xmlrpc.ServerPluginImpl::getProbeFor(fi.vtt.noen.mfw.bundle.server.shared.datamodel.ProbeDescription):fi.vtt.noen.mfw.bundle.probe.shared.ProbeAgent, fi.vtt.noen.mfw.bundle.server.plugins.xmlrpc.ServerPluginImpl::fi.vtt.noen.mfw.bundle.probe.shared.ProbeAgent localLink]
fi.vtt.noen.testgen.parser.DaikonParser	[fi.vtt.noen.testgen.parser.DaikonParser::java.lang.String itemSeparator, fi.vtt.noen.testgen.parser.DaikonParser::java.lang.String text, fi.vtt.noen.testgen.parser.DaikonParser::trySeparator(java.lang.String):void]
fi.vtt.noen.mfw.bundle.server.plugins.registry.RegistryPluginImpl	[fi.vtt.noen.mfw.bundle.server.plugins.registry.RegistryPluginImpl::parseTargetType(java.lang.String):java.lang.String, fi.vtt.noen.mfw.bundle.server.plugins.registry.RegistryPluginImpl::getTargetTypeBounds(java.lang.String):int[], fi.vtt.noen.mfw.bundle.server.plugins.registry.RegistryPluginImpl::parseTargetName(java.lang.String):java.lang.String]
fi.vtt.noen.mfw.bundle.server.plugins.webui.WebUIPlugin	[fi.vtt.noen.mfw.bundle.server.plugins.webui.WebUIPlugin::fi.vtt.noen.mfw.bundle.server.plugins.webui.mfwclient.MFWClient mfwClient, fi.vtt.noen.mfw.bundle.server.plugins.webui.WebUIPlugin::getAvailability():fi.vtt.noen.mfw.bundle.server.plugins.webui.mfwclient.Availability, fi.vtt.noen.mfw.bundle.server.plugins.webui.WebUIPlugin::getMFWInformation():fi.vtt.noen.mfw.bundle.server.plugins.webui.mfwclient.MFW, fi.vtt.noen.mfw.bundle.server.plugins.webui.WebUIPlugin::getProbeParameters(long):java.util.List<fi.vtt.noen.mfw.bundle.server.plugins.webui.mfwclient.ProbeParameter>, fi.vtt.noen.mfw.bundle.server.plugins.webui.WebUIPlugin::subscribeToBM(long, long, long):void]
fi.vtt.noen.testgen.model.daikon.DaikonModel	[fi.vtt.noen.testgen.model.daikon.DaikonModel::java.util.Map<java.lang.String,java.util.Collection<fi.vtt.noen.testgen.model.daikon.DaikonTransition>> transitions, fi.vtt.noen.testgen.model.daikon.DaikonModel::getTransitions(java.lang.String):java.util.Collection<fi.vtt.noen.testgen.model.daikon.DaikonTransition>, fi.vtt.noen.testgen.model.daikon.DaikonModel::numberOfTransitions():int, fi.vtt.noen.testgen.model.daikon.DaikonModel::add(fi.vtt.noen.testgen.model.daikon.DaikonTransition):void, fi.vtt.noen.testgen.model.daikon.DaikonModel::getTransition(java.lang.String, java.lang.String):fi.vtt.noen.testgen.model.daikon.DaikonTransition]
fi.vtt.noen.testgen.model.daikon.DaikonModel	[fi.vtt.noen.testgen.model.daikon.DaikonModel::java.util.Map<java.lang.String,fi.vtt.noen.testgen.model.daikon.DaikonState> states, fi.vtt.noen.testgen.model.daikon.DaikonModel::getState(java.lang.String):fi.vtt.noen.testgen.model.daikon.DaikonState, fi.vtt.noen.testgen.model.daikon.DaikonModel::printStates():void, fi.vtt.noen.testgen.model.daikon.DaikonModel::numberOfStates():int, fi.vtt.noen.testgen.model.daikon.DaikonModel::add(fi.vtt.noen.testgen.model.daikon.DaikonState):void, fi.vtt.noen.testgen.model.daikon.DaikonModel::add(fi.vtt.noen.testgen.model.daikon.DaikonModelElement):void]
fi.vtt.noen.testgen.model.fsm.FSMModel	[fi.vtt.noen.testgen.model.fsm.FSMModel::java.util.Map<java.lang.String,fi.vtt.noen.testgen.model.fsm.FSMState> states, fi.vtt.noen.testgen.model.fsm.FSMModel::numberOfStates():int, fi.vtt.noen.testgen.model.fsm.FSMModel::getState(java.lang.String):fi.vtt.noen.testgen.model.fsm.FSMState]
fi.vtt.noen.testgen.observations.data.Event	[fi.vtt.noen.testgen.observations.data.Event::java.util.Collection<fi.vtt.noen.testgen.observations.data.EventAttribute> attributes, fi.vtt.noen.testgen.observations.data.Event::addAttribute(java.lang.String, java.lang.Object):void, fi.vtt.noen.testgen.observations.data.Event::addAttribute(java.lang.String, java.util.Collection):void, fi.vtt.noen.testgen.observations.data.Event::attributes():java.util.Iterator<fi.vtt.noen.testgen.observations.data.EventAttribute>]
fi.vtt.noen.mfw.bundle.server.plugins.webui.derivedmeasurepage.DMInformationDataProvider	[fi.vtt.noen.mfw.bundle.server.plugins.webui.derivedmeasurepage.DMInformationDataProvider::java.util.Collection<fi.vtt.noen.mfw.bundle.server.shared.datamodel.BMDescription> requiredMeasures, fi.vtt.noen.mfw.bundle.server.plugins.webui.derivedmeasurepage.DMInformationDataProvider::fi.vtt.noen.mfw.bundle.server.shared.datamodel.DMDefinition dm, fi.vtt.noen.mfw.bundle.server.plugins.webui.derivedmeasurepage.DMInformationDataProvider::fi.vtt.noen.mfw.bundle.server.plugins.registry.RegistryPlugin registry, fi.vtt.noen.mfw.bundle.server.plugins.webui.derivedmeasurepage.DMInformationDataProvider::setDM(fi.vtt.noen.mfw.bundle.server.shared.datamodel.DMDefinition):void]
fi.vtt.noen.mfw.bundle.server.plugins.xmlrpc.ServerAgentImpl	[fi.vtt.noen.mfw.bundle.server.plugins.xmlrpc.ServerAgentImpl::boolean started, fi.vtt.noen.mfw.bundle.server.plugins.xmlrpc.ServerAgentImpl::fi.vtt.noen.mfw.bundle.server.plugins.xmlrpc.XmlRpcServerServer server, fi.vtt.noen.mfw.bundle.server.plugins.xmlrpc.ServerAgentImpl::int port, fi.vtt.noen.mfw.bundle.server.plugins.xmlrpc.ServerAgentImpl::stopAgent():void, fi.vtt.noen.mfw.bundle.server.plugins.xmlrpc.ServerAgentImpl::startAgent():void]
fi.vtt.noen.mfw.bundle.probe.plugins.measurement.MeasurementProvider	[fi.vtt.noen.mfw.bundle.probe.plugins.measurement.MeasurementProvider::int threadPoolSize, fi.vtt.noen.mfw.bundle.probe.plugins.measurement.MeasurementProvider::int taskTimeOut, fi.vtt.noen.mfw.bundle.probe.plugins.measurement.MeasurementProvider::initFromFile():void]
fi.vtt.noen.mfw.bundle.server.plugins.derivedmeasure.DMProcessor	[fi.vtt.noen.mfw.bundle.server.plugins.derivedmeasure.DMProcessor::java.lang.String name, fi.vtt.noen.mfw.bundle.server.plugins.derivedmeasure.DMProcessor::executeScript():fi.vtt.noen.mfw.bundle.server.shared.datamodel.DMValue, fi.vtt.noen.mfw.bundle.server.plugins.derivedmeasure.DMProcessor::fi.vtt.noen.mfw.bundle.server.shared.datamodel.DMDefinition dmDefinition]
fi.vtt.noen.mfw.bundle.server.plugins.derivedmeasure.DMProcessor	[fi.vtt.noen.mfw.bundle.server.plugins.derivedmeasure.DMProcessor::java.util.Collection<fi.vtt.noen.mfw.bundle.server.shared.datamodel.BMDescription> requiredValues, fi.vtt.noen.mfw.bundle.server.plugins.derivedmeasure.DMProcessor::java.util.Map<fi.vtt.noen.mfw.bundle.server.shared.datamodel.BMDescription,fi.vtt.noen.mfw.bundle.server.shared.datamodel.Value> values, fi.vtt.noen.mfw.bundle.server.plugins.derivedmeasure.DMProcessor::checkAndSaveValue(fi.vtt.noen.mfw.bundle.server.shared.datamodel.Value):void, fi.vtt.noen.mfw.bundle.server.plugins.derivedmeasure.DMProcessor::getMissingValues():java.util.Collection<fi.vtt.noen.mfw.bundle.server.shared.datamodel.BMDescription>, fi.vtt.noen.mfw.bundle.server.plugins.derivedmeasure.DMProcessor::createFullScript():java.lang.String]
fi.vtt.noen.mfw.bundle.server.plugins.sac.SACPlugin	[fi.vtt.noen.mfw.bundle.server.plugins.sac.SACPlugin::fi.vtt.noen.mfw.bundle.server.plugins.xmlrpc.ServerPlugin server, fi.vtt.noen.mfw.bundle.server.plugins.sac.SACPlugin::fi.vtt.noen.mfw.bundle.server.plugins.registry.RegistryPlugin registry, fi.vtt.noen.mfw.bundle.server.plugins.sac.SACPlugin::getProbeConfigurationParameters(long):java.util.Collection<fi.vtt.noen.mfw.bundle.common.ProbeConfiguration>, fi.vtt.noen.mfw.bundle.server.plugins.sac.SACPlugin::setProbeConfiguration(long, java.util.Map<java.lang.String,java.lang.String>):boolean, fi.vtt.noen.mfw.bundle.server.plugins.sac.SACPlugin::requestBM(long, long):boolean, fi.vtt.noen.mfw.bundle.server.plugins.sac.SACPlugin::subscribeToBM(long, long, long):void, fi.vtt.noen.mfw.bundle.server.plugins.sac.SACPlugin::unSubscribeToBM(long, long):void, fi.vtt.noen.mfw.bundle.server.plugins.sac.SACPlugin::bmValue(fi.vtt.noen.mfw.bundle.server.shared.datamodel.Value):void]
fi.vtt.noen.mfw.bundle.server.plugins.sac.SACPlugin	[fi.vtt.noen.mfw.bundle.server.plugins.sac.SACPlugin::java.util.Map<java.lang.Long,java.lang.String> sacsUrls, fi.vtt.noen.mfw.bundle.server.plugins.sac.SACPlugin::long mfwId, fi.vtt.noen.mfw.bundle.server.plugins.sac.SACPlugin::java.util.Map<java.lang.Long,fi.vtt.noen.mfw.bundle.server.plugins.sac.SAC> sacs, fi.vtt.noen.mfw.bundle.server.plugins.sac.SACPlugin::register(long):boolean]
fi.vtt.noen.mfw.bundle.server.plugins.webui.bmlistpage.BMListPage	[fi.vtt.noen.mfw.bundle.server.plugins.webui.bmlistpage.BMListPage::org.apache.wicket.extensions.markup.html.repeater.data.table.DefaultDataTable bmTable, fi.vtt.noen.mfw.bundle.server.plugins.webui.bmlistpage.BMListPage::addAjaxUpdater():void, fi.vtt.noen.mfw.bundle.server.plugins.webui.bmlistpage.BMListPage::fi.vtt.noen.mfw.bundle.server.plugins.registry.RegistryPlugin registry, fi.vtt.noen.mfw.bundle.server.plugins.webui.bmlistpage.BMListPage::createBMList():void, fi.vtt.noen.mfw.bundle.server.plugins.webui.bmlistpage.BMListPage::fi.vtt.noen.mfw.bundle.server.plugins.webui.WebUIPlugin webUIPlugin]
fi.vtt.noen.mfw.bundle.server.plugins.webui.probeparameterpage.ProbeParameterPage	[fi.vtt.noen.mfw.bundle.server.plugins.webui.probeparameterpage.ProbeParameterPage::java.lang.String probeIdString, fi.vtt.noen.mfw.bundle.server.plugins.webui.probeparameterpage.ProbeParameterPage::update(java.util.List<fi.vtt.noen.mfw.bundle.server.plugins.webui.mfwclient.ProbeParameter>, java.lang.String):void, fi.vtt.noen.mfw.bundle.server.plugins.webui.probeparameterpage.ProbeParameterPage::java.util.List<fi.vtt.noen.mfw.bundle.server.plugins.webui.mfwclient.ProbeParameter> params, fi.vtt.noen.mfw.bundle.server.plugins.webui.probeparameterpage.ProbeParameterPage::replaceProbeIdLabel():void, fi.vtt.noen.mfw.bundle.server.plugins.webui.probeparameterpage.ProbeParameterPage::createProbeIdLabel():void]
fi.vtt.noen.testgen.model.efsm.EFSMGenerator	[fi.vtt.noen.testgen.model.efsm.EFSMGenerator::stateMethod():java.lang.String, fi.vtt.noen.testgen.model.efsm.EFSMGenerator::footer():java.lang.String, fi.vtt.noen.testgen.model.efsm.EFSMGenerator::helperMethods():java.lang.String, fi.vtt.noen.testgen.model.efsm.EFSMGenerator::numberHelper(java.lang.String):java.lang.String, fi.vtt.noen.testgen.model.efsm.EFSMGenerator::randomCollectionItemHelper():java.lang.String, fi.vtt.noen.testgen.model.efsm.EFSMGenerator::header(java.lang.String, java.lang.String):java.lang.String, fi.vtt.noen.testgen.model.efsm.EFSMGenerator::mainNumberHelpers():java.lang.String]
